424045499543525

0000..11112222.....3333.........444444444.....5555...66666..77777
0   4 6   10  14       23

0000..11112222777773333.........444444444.....5555...66666..77777
0   4                  23                41       50      58

0000..1111222277777333366666....444444444.....5555.....
    4                       28           41       50
0000..11112222777773333666665555444444444..........

0000 .. 1111 2222 77777 3333 66666 5555 444444444
0    4  6    10   14    19   23    28   32

{0: 0, 1: 6, 2: 10, 3: 19, 4: 32, 5: 28, 6: 23, 7: 14}